
==============================================================================================================
PRIMARY (crisis): 2020-03-18   T=0.0822y (1-month)   S0=2350.14   n=19
==============================================================================================================
        K      lm type   model_px  put_equiv  intrinsic bs(lo=1e-4)   bs(hi=5) bs(lo=.001)  bs(hi=10)  mkt_iv mdl_iv_prod mdl_iv_probe  flags
---------------------------------------------------------------------------------------------------------------------------------------------
  2100.00  -0.119    P   101.2358   101.2358     0.0000    0.000000  1038.9696    0.000000  1750.1561   87.43       81.92        81.92  
  2255.00  -0.048    P   135.1097   135.1097     0.0000    0.000000  1153.6574    0.000000  1891.7834   83.76       70.63        70.63  
  2260.00  -0.046    P   136.4308   136.4308     0.0000    0.000000  1157.3971    0.000000  1896.3613   83.53       70.27        70.27  
  2265.00  -0.044    P   137.7753   137.7753     0.0000    0.000000  1161.1393    0.000000  1900.9398   83.40       69.92        69.92  
  2280.00  -0.037    P   141.9492   141.9492     0.0000    0.000000  1172.3803    0.000000  1914.6786   83.30       68.88        68.88  
  2310.00  -0.024    P   150.9281   150.9281     0.0000    0.000000  1194.9265    0.000000  1942.1710   82.19       66.88        66.88  
  2315.00  -0.022    P   152.5063   152.5063     0.0000    0.000000  1198.6924    0.000000  1946.7550   82.03       66.55        66.55  
  2320.00  -0.020    P   154.1079   154.1079     0.0000    0.000000  1202.4607    0.000000  1951.3395   81.89       66.23        66.23  
  2325.00  -0.017    P   155.7328   155.7328     0.0000    0.000000  1206.2313    0.000000  1955.9246   81.71       65.91        65.91  
  2330.00  -0.015    P   157.3811   157.3811     0.0000    0.000000  1210.0042    0.000000  1960.5102   81.56       65.58        65.58  
  2335.00  -0.013    P   159.0526   159.0526     0.0000    0.000000  1213.7794    0.000000  1965.0963   81.41       65.27        65.27  
  2340.00  -0.011    P   160.7475   160.7475     0.0000    0.000000  1217.5569    0.000000  1969.6830   81.24       64.95        64.95  
  2350.00  -0.007    P   164.2072   164.2072     0.0000    0.000000  1225.1189    0.000000  1978.8579   80.94       64.31        64.31  
  2355.00  -0.005    P   165.9682   165.9682     0.0000    0.000000  1228.9033    0.000000  1983.4462   80.76       64.00        64.00  
  2360.00  -0.003    P   167.7441   167.7441     0.0000    0.000000  1232.6900    0.000000  1988.0349   80.61       63.68        63.68  
  2365.00  -0.000    P   169.5352   169.5352     0.0000    0.000000  1236.4789    0.019988  1992.6242   80.46       63.36        63.36  
  2375.00   0.004    C   164.2362   173.1624     8.9261    8.926138  1244.0636    8.926138  2001.8044   67.62       62.71        62.71  
  2400.00   0.014    C   148.7350   182.4934    33.7584   33.758364  1263.0644   33.758364  2024.7639   67.55       61.05        61.05  
  2425.00   0.025    C   133.6089   192.1994    58.5906   58.590589  1282.1206   58.590589  2047.7362   66.78       59.31        59.31  

  counts: bracket_fail(prod lo=1e-4,hi=5)=0/19  bracket_fail(probe lo=.001,hi=10)=0/19  sub_intrinsic=0/19

==============================================================================================================
CONTROL (low-vol): 2020-01-15   T=0.0822y (1-month)   S0=3293.12   n=62
==============================================================================================================
        K      lm type   model_px  put_equiv  intrinsic bs(lo=1e-4)   bs(hi=5) bs(lo=.001)  bs(hi=10)  mkt_iv mdl_iv_prod mdl_iv_probe  flags
---------------------------------------------------------------------------------------------------------------------------------------------
  2945.00  -0.111    P     9.1204     9.1204     0.0000    0.000000  1469.4697    0.000000  2467.0634   21.16       27.65        27.65  
  3020.00  -0.085    P     9.6562     9.6562     0.0000    0.000000  1524.9592    0.000000  2535.8335   18.99       23.08        23.08  
  3025.00  -0.084    P     9.5553     9.5553     0.0000    0.000000  1528.6735    0.000000  2540.4216   18.79       22.68        22.68  
  3030.00  -0.082    P     9.4373     9.4373     0.0000    0.000000  1532.3896    0.000000  2545.0102   18.68       22.28        22.28  
  3050.00  -0.076    P     8.7944     8.7944     0.0000    0.000000  1547.2725    0.000000  2563.3687   18.07       20.54        20.54  
  3075.00  -0.067    P     7.6066     7.6066     0.0000    0.000000  1565.9172    0.000000  2586.3264   17.37       18.15        18.15  
  3085.00  -0.064    P     7.0207     7.0207     0.0000    0.000000  1573.3878    0.000000  2595.5124   17.06       17.13        17.13  
  3090.00  -0.062    P     6.7713     6.7713     0.0000    0.000000  1577.1257    0.000000  2600.1060   16.90       16.65        16.65  
  3095.00  -0.061    P     6.5793     6.5793     0.0000    0.000000  1580.8655    0.000000  2604.7001   16.76       16.20        16.20  
  3100.00  -0.059    P     6.4447     6.4447     0.0000    0.000000  1584.6070    0.000000  2609.2945   16.61       15.79        15.79  
  3105.00  -0.058    P     6.3675     6.3675     0.0000    0.000000  1588.3503    0.000000  2613.8894   16.45       15.42        15.42  
  3110.00  -0.056    P     6.3478     6.3478     0.0000    0.000000  1592.0954    0.000000  2618.4847   16.29       15.09        15.09  
  3115.00  -0.054    P     6.3854     6.3854     0.0000    0.000000  1595.8423    0.000000  2623.0803   16.17       14.79        14.79  
  3120.00  -0.053    P     6.4805     6.4805     0.0000    0.000000  1599.5909    0.000000  2627.6764   15.99       14.53        14.53  
  3125.00  -0.051    P     6.6330     6.6330     0.0000    0.000000  1603.3414    0.000000  2632.2730   15.85       14.30        14.30  
  3140.00  -0.046    P     7.4349     7.4349     0.0000    0.000000  1614.6031    0.000000  2646.0649   15.36       13.76        13.76  
  3145.00  -0.045    P     7.8171     7.8171     0.0000    0.000000  1618.3606    0.000000  2650.6630   15.21       13.63        13.63  
  3150.00  -0.043    P     8.2566     8.2566     0.0000    0.000000  1622.1197    0.000000  2655.2616   15.03       13.51        13.51  
  3155.00  -0.042    P     8.7536     8.7536     0.0000    0.000000  1625.8807    0.000000  2659.8605   14.88       13.41        13.41  
  3165.00  -0.039    P     9.9198     9.9198     0.0000    0.000000  1633.4077    0.000000  2669.0596   14.56       13.25        13.25  
  3170.00  -0.037    P    10.5890    10.5890     0.0000    0.000000  1637.1738    0.000000  2673.6598   14.40       13.18        13.18  
  3175.00  -0.035    P    11.3156    11.3156     0.0000    0.000000  1640.9416    0.000000  2678.2603   14.21       13.12        13.12  
  3180.00  -0.034    P    12.0996    12.0996     0.0000    0.000000  1644.7112    0.000000  2682.8612   14.05       13.07        13.07  
  3185.00  -0.032    P    12.9410    12.9410     0.0000    0.000000  1648.4825    0.000000  2687.4626   13.87       13.02        13.02  
  3190.00  -0.031    P    13.8398    13.8398     0.0000    0.000000  1652.2555    0.000000  2692.0643   13.71       12.97        12.97  
  3195.00  -0.029    P    14.7960    14.7960     0.0000    0.000000  1656.0302    0.000000  2696.6664   13.53       12.92        12.92  
  3200.00  -0.028    P    15.8096    15.8096     0.0000    0.000000  1659.8066    0.000000  2701.2690   13.36       12.88        12.88  
  3210.00  -0.024    P    18.0089    18.0089     0.0000    0.000000  1667.3645    0.000000  2710.4752   13.01       12.79        12.79  
  3215.00  -0.023    P    19.1947    19.1947     0.0000    0.000000  1671.1460    0.000000  2715.0789   12.83       12.75        12.75  
  3220.00  -0.021    P    20.4379    20.4379     0.0000    0.000000  1674.9291    0.000000  2719.6830   12.67       12.70        12.70  
  3225.00  -0.020    P    21.7384    21.7384     0.0000    0.000000  1678.7140    0.000000  2724.2875   12.49       12.65        12.65  
  3230.00  -0.018    P    23.0963    23.0963     0.0000    0.000000  1682.5006    0.000000  2728.8923   12.30       12.60        12.60  
  3235.00  -0.017    P    24.5116    24.5116     0.0000    0.000000  1686.2888    0.000000  2733.4976   12.12       12.54        12.54  
  3240.00  -0.015    P    25.9843    25.9843     0.0000    0.000000  1690.0787    0.000000  2738.1032   11.93       12.48        12.48  
  3245.00  -0.014    P    27.5143    27.5143     0.0000    0.000000  1693.8702    0.000000  2742.7093   11.75       12.42        12.42  
  3250.00  -0.012    P    29.1017    29.1017     0.0000    0.000000  1697.6635    0.000000  2747.3157   11.57       12.35        12.35  
  3260.00  -0.009    P    32.4486    32.4486     0.0000    0.000000  1705.2549    0.000000  2756.5297   11.20       12.20        12.20  
  3265.00  -0.007    P    34.2080    34.2080     0.0000    0.000000  1709.0531    0.000000  2761.1372   11.02       12.11        12.11  
  3270.00  -0.006    P    36.0249    36.0249     0.0000    0.000000  1712.8530    0.000000  2765.7452   10.84       12.02        12.02  
  3275.00  -0.004    P    37.8990    37.8990     0.0000    0.000000  1716.6545    0.000000  2770.3535   10.67       11.92        11.92  
  3280.00  -0.003    P    39.8305    39.8305     0.0000    0.000000  1720.4576    0.000000  2774.9622   10.48       11.82        11.82  
  3285.00  -0.001    P    41.8260    41.8260     0.0000    0.000000  1724.2624    0.000001  2779.5713   10.32       11.71        11.71  
  3290.00   0.000    C    43.1638    43.9030     0.7392    0.739232  1728.0688    0.855205  2784.1808   10.21       11.60        11.60  
  3295.00   0.002    C    40.3353    46.0626     5.7272    5.727245  1731.8769    5.727245  2788.7906   10.05       11.48        11.48  
  3300.00   0.003    C    37.5893    48.3046    10.7153   10.715257  1735.6866   10.715257  2793.4009    9.90       11.37        11.37  
  3305.00   0.005    C    34.9259    50.6291    15.7033   15.703269  1739.4979   15.703269  2798.0115    9.74       11.25        11.25  
  3310.00   0.006    C    32.3448    53.0361    20.6913   20.691282  1743.3108   20.691282  2802.6224    9.59       11.12        11.12  
  3315.00   0.008    C    29.8463    55.5256    25.6793   25.679294  1747.1253   25.679294  2807.2338    9.46       11.00        11.00  
  3320.00   0.009    C    27.4303    58.0976    30.6673   30.667306  1750.9415   30.667306  2811.8455    9.33       10.86        10.86  
  3325.00   0.011    C    25.0967    60.7520    35.6553   35.655319  1754.7593   35.655319  2816.4576    9.19       10.72        10.72  
  3330.00   0.012    C    22.8456    63.4889    40.6433   40.643331  1758.5786   40.643331  2821.0701    9.07       10.57        10.57  
  3335.00   0.014    C    20.6770    66.3083    45.6313   45.631343  1762.3996   45.631343  2825.6829    8.95       10.41        10.41  
  3340.00   0.015    C    18.5908    69.2101    50.6194   50.619356  1766.2222   50.619356  2830.2961    8.85       10.25        10.25  
  3345.00   0.017    C    16.5870    72.1944    55.6074   55.607368  1770.0463   55.607368  2834.9097    8.75       10.07        10.07  
  3350.00   0.018    C    14.6657    75.2611    60.5954   60.595380  1773.8721   60.595380  2839.5236    8.65        9.88         9.88  
  3355.00   0.020    C    12.8268    78.4102    65.5834   65.583392  1777.6995   65.583392  2844.1379    8.56        9.67         9.67  
  3360.00   0.021    C    11.0704    81.6418    70.5714   70.571405  1781.5284   70.571405  2848.7526    8.47        9.45         9.45  
  3365.00   0.023    C     9.3964    84.9558    75.5594   75.559417  1785.3589   75.559417  2853.3677    8.39        9.20         9.20  
  3370.00   0.024    C     7.8047    88.3522    80.5474   80.547429  1789.1910   80.547429  2857.9831    8.32        8.92         8.92  
  3375.00   0.026    C     6.2955    91.8310    85.5354   85.535442  1793.0246   85.535442  2862.5988    8.26        8.61         8.61  
  3380.00   0.027    C     4.8687    95.3922    90.5235   90.523454  1796.8599   90.523454  2867.2150    8.23        8.24         8.24  
  3400.00   0.033    C    -0.0147   110.4608   110.4755  110.475503  1812.2164  110.475503  2885.6831    8.06         nan          nan  BRACKET_FAIL(prod),BRACKET_FAIL(probe),SUB_INTRINSIC

  counts: bracket_fail(prod lo=1e-4,hi=5)=1/62  bracket_fail(probe lo=.001,hi=10)=1/62  sub_intrinsic=1/62

==============================================================================================================
SELF-TEST: bracket-failure / sub-intrinsic counts, 1-month, crisis vs control
==============================================================================================================
        date                 role     n   bracket_fail(prod)   bracket_fail(probe)  sub_intrinsic
-------------------------------------------------------------------------------------------------
  2020-03-18     PRIMARY (crisis)    19                    0                     0              0
  2020-01-15    CONTROL (low-vol)    62                    1                     1              1

  crisis bracket_fail(prod) rate  = 0.0%   control = 1.6%
  crisis sub_intrinsic rate       = 0.0%   control = 1.6%

  Crisis and control show comparable rates of both failure modes at the
  1-month tenor -- the 'especially bad in the crisis period' symptom is not
  explained by either bracket failures or sub-intrinsic prices here; look
  elsewhere (e.g. genuinely large model-vs-market IV residual with a valid,
  in-bracket, super-intrinsic price).
