=== Out-of-Sample Test: 20-Day Rolling Calibration ===
  N_cal=32, bandwidth=16, warm-start L-BFGS-B (day 0: DE+LBFGS)

   Day    C_hat    G_hat    M_hat    Y_hat    IS_RMSE   OOS_RMSE   CPU(s)
  ------------------------------------------------------------------------
     1    2.676   10.537   39.435    0.864    0.00624    0.02760     17.7
     2    2.676   10.537   20.000    0.864    0.04883    0.05139      1.8
     3    2.676   10.537   20.000    0.865    0.05508    0.05752      1.8
     4    2.676   10.537   20.000    0.865    0.06120    0.06353      1.8
     5    2.676   10.537   20.000    0.865    0.06719    0.06942      1.8
     6    2.676   10.537   20.000    0.866    0.07306    0.07519      1.8
     7    2.675   10.537   20.000    0.866    0.07881    0.08085      1.8
     8    2.675   10.537   20.000    0.867    0.08445    0.08638      1.8
     9    2.675   10.537   20.000    0.867    0.08997    0.09181      1.8
    10    2.675   10.537   20.000    0.867    0.09537    0.09713      1.8
    11    2.675   10.537   20.000    0.868    0.10067    0.10234      1.8
    12    2.675   10.537   20.000    0.868    0.10587    0.10745      1.8
    13    2.675   10.537   20.000    0.868    0.11096    0.11245      1.8
    14    2.675   10.537   20.000    0.869    0.11595    0.11736      1.8
    15    2.675   10.537   20.000    0.869    0.12084    0.12218      1.8
    16    2.675   10.537   20.000    0.869    0.12564    0.12690      1.8
    17    2.675   10.537   20.000    0.870    0.13035    0.13153      1.8
    18    2.675   10.537   20.000    0.870    0.13496    0.13608      1.8
    19    2.675   10.537   20.000    0.870    0.13949    0.14054      1.8
    20    2.674   10.537   20.000    0.870    0.14394    0.14492      1.8
  ------------------------------------------------------------------------
  Mean in-sample  RMSE: 0.09444
  Mean OOS        RMSE: 0.09713