============================================================
=== Calibration: In-Sample Report ===
============================================================

  True params:       C=0.100  G=2.000  M=3.500  Y=1.500
  Recovered params:  C=4.991  G=8.881  M=10.053  Y=0.343

  In-sample RMSE (IV): 0.002103
  Function evals:      2069
  CPU time:            137.6s

  IV fit (model vs market):
      T       K   IV_market    IV_model         err
  ----------------------------------------------
   0.10      90      0.4368      0.4464      0.0096
   0.10      95      0.4293      0.4319      0.0026
   0.10     100      0.4289      0.4285      0.0004
   0.10     105      0.4347      0.4373      0.0026
   0.10     110      0.4457      0.4525      0.0067
   0.10     115      0.4612      0.4702      0.0090
   0.20      90      0.4418      0.4484      0.0067
   0.20      95      0.4402      0.4456      0.0054
   0.20     100      0.4410      0.4456      0.0045
   0.20     105      0.4439      0.4484      0.0045
   0.20     110      0.4486      0.4532      0.0046
   0.20     115      0.4549      0.4594      0.0045
   0.30      90      0.4459      0.4516      0.0056
   0.30      95      0.4456      0.4511      0.0055
   0.30     100      0.4466      0.4515      0.0050
   0.30     105      0.4486      0.4532      0.0046
   0.30     110      0.4515      0.4556      0.0042
   0.30     115      0.4552      0.4588      0.0036
   0.50      90      0.4510      0.4530      0.0020
   0.50      95      0.4513      0.4543      0.0030
   0.50     100      0.4521      0.4553      0.0032
   0.50     105      0.4534      0.4566      0.0032
   0.50     110      0.4550      0.4579      0.0029
   0.50     115      0.4570      0.4595      0.0025
   0.75      90      0.4544      0.4493      0.0050
   0.75      95      0.4548      0.4523      0.0025
   0.75     100      0.4555      0.4544      0.0011
   0.75     105      0.4564      0.4562      0.0002
   0.75     110      0.4574      0.4576      0.0002
   0.75     115      0.4587      0.4589      0.0003
  ----------------------------------------------
  Max pointwise IV error: 0.0096
============================================================